kinematics:
  shoulder:
    x: 0
    y: 0
    z: 0.16272439522088308
    roll: -0
    pitch: 0
    yaw: 2.2581363827434139e-08
  upper_arm:
    x: 9.6495353337433751e-05
    y: 0
    z: 0
    roll: 1.5692492023569056
    pitch: 0
    yaw: -4.1426109445019685e-06
  forearm:
    x: -0.42548055744686886
    y: 0
    z: 0
    roll: 0.0025917165192674593
    pitch: 0.0019975391318596634
    yaw: -3.7566117255964872e-06
  wrist_1:
    x: -0.39263456413132314
    y: -0.00067876090961121235
    z: 0.13359949785175604
    roll: 0.0050805211136684724
    pitch: -0.0011143570383184062
    yaw: 9.3459621398024095e-06
  wrist_2:
    x: 0.00011787322040235744
    y: -0.099688601584663014
    z: 7.5307697031463963e-05
    roll: 1.5700408975732103
    pitch: 0
    yaw: -5.3463557305594145e-07
  wrist_3:
    x: 1.497125508752581e-05
    y: 0.099499101134729498
    z: 5.7482076330023278e-05
    roll: 1.5713740412594446
    pitch: 3.1415926535897931
    yaw: -3.1415926287271949
  hash: calib_10140426209604474265