kinematics:
  shoulder:
    x: 0
    y: 0
    z: 0.16271501138257932
    roll: -0
    pitch: 0
    yaw: 8.111331337157246e-08
  upper_arm:
    x: 0.00023522540953322657
    y: 0
    z: 0
    roll: 1.5706791868144019
    pitch: 0
    yaw: -3.4277359026724241e-06
  forearm:
    x: -0.42521299321246009
    y: 0
    z: 0
    roll: 0.001002031381242649
    pitch: -0.00082260503622112356
    yaw: 9.1643177358529117e-07
  wrist_1:
    x: -0.39239431144754666
    y: -0.0010909574472884611
    z: 0.133544404073279
    roll: 0.0081690669623457873
    pitch: 0.00089962731114457924
    yaw: -6.0318753733172199e-06
  wrist_2:
    x: 6.6536146392245969e-05
    y: -0.099824046259930022
    z: 8.0594206950524881e-05
    roll: 1.5699889643160274
    pitch: 0
    yaw: -6.3664161825682797e-07
  wrist_3:
    x: 8.5918908997581927e-06
    y: 0.099718594220513587
    z: 4.9318315089956369e-05
    roll: 1.5712909016678609
    pitch: 3.1415926535897931
    yaw: 3.141592632801113
  hash: calib_17409385237432001693